  0.500000000000000       0.000000000000000E+000
  0.510000000000000       0.000000000000000E+000
  0.520000000000000       0.000000000000000E+000
  0.530000000000000       0.000000000000000E+000
  0.540000000000000       0.000000000000000E+000
  0.550000000000000       0.000000000000000E+000
  0.560000000000000       0.000000000000000E+000
  0.570000000000000       0.000000000000000E+000
  0.580000000000000       0.000000000000000E+000
  0.590000000000000       0.000000000000000E+000
  0.600000000000000       0.000000000000000E+000
  0.610000000000000       0.000000000000000E+000
  0.620000000000000       0.000000000000000E+000
  0.630000000000000       0.000000000000000E+000
  0.640000000000000       0.000000000000000E+000
  0.650000000000000       0.000000000000000E+000
  0.660000000000000       0.000000000000000E+000
  0.670000000000000       0.000000000000000E+000
  0.680000000000000       0.000000000000000E+000
  0.690000000000000       0.000000000000000E+000
  0.700000000000000       0.000000000000000E+000
  0.710000000000000       0.000000000000000E+000
  0.720000000000000       0.000000000000000E+000
  0.730000000000000       0.000000000000000E+000
  0.740000000000000       0.000000000000000E+000
  0.750000000000000       0.000000000000000E+000
  0.760000000000000       0.000000000000000E+000
  0.770000000000000       0.000000000000000E+000
  0.780000000000000       0.000000000000000E+000
  0.790000000000000       0.000000000000000E+000
  0.800000000000000       0.000000000000000E+000
  0.810000000000000       0.000000000000000E+000
  0.820000000000000       0.000000000000000E+000
  0.830000000000000       0.000000000000000E+000
  0.840000000000000       0.000000000000000E+000
  0.850000000000000       0.000000000000000E+000
  0.860000000000000       0.000000000000000E+000
  0.870000000000000       0.000000000000000E+000
  0.880000000000000       0.000000000000000E+000
  0.890000000000000       0.000000000000000E+000
  0.900000000000000       0.000000000000000E+000
  0.910000000000000       0.000000000000000E+000
  0.920000000000000       0.000000000000000E+000
  0.930000000000000       0.000000000000000E+000
  0.940000000000000       0.000000000000000E+000
  0.950000000000000       0.000000000000000E+000
  0.960000000000000       0.000000000000000E+000
  0.970000000000000       0.000000000000000E+000
  0.980000000000000       0.000000000000000E+000
  0.990000000000000       0.000000000000000E+000
   1.00000000000000        8432107.50000000     
   1.01000000000000        8474163.15989206     
   1.02000000000000        8516011.13370499     
   1.03000000000000        8557654.46827009     
   1.04000000000000        8599096.13664242     
   1.05000000000000        8640339.04057787     
   1.06000000000000        8681386.01290426     
   1.07000000000000        8722239.81979200     
   1.08000000000000        8762903.16292956     
   1.09000000000000        8803378.68160835     
   1.10000000000000        8843668.95472190     
   1.11000000000000        8883776.50268327     
   1.12000000000000        8923703.78926503     
   1.13000000000000        8963453.22336534     
   1.14000000000000        9003027.16070401     
   1.15000000000000        9042427.90545160     
   1.16000000000000        9081657.71179498     
   1.17000000000000        9120718.78544234     
   1.18000000000000        9159613.28507031     
   1.19000000000000        9198343.32371607     
   1.20000000000000        9236910.97011699     
   1.21000000000000        9275318.25000000     
   1.22000000000000        9313567.14732323     
   1.23000000000000        9351659.60547187     
   1.24000000000000        9389597.52841035     
   1.25000000000000        9427382.78179291     
   1.26000000000000        9465017.19403409     
   1.27000000000000        9502502.55734123     
   1.28000000000000        9539840.62871032     
   1.29000000000000        9577033.13088702     
   1.30000000000000        9614081.75329413     
   1.31000000000000        9650988.15292707     
   1.32000000000000        9687753.95521864     
   1.33000000000000        9724380.75487431     
   1.34000000000000        9760870.11667943     
   1.35000000000000        9797223.57627920     
   1.36000000000000        9833442.64093286     
   1.37000000000000        9869528.79024283     
   1.38000000000000        9905483.47686006     
   1.39000000000000        9941308.12716633     
   1.40000000000000        9977004.14193453     
   1.41000000000000        10012572.8969678     
   1.42000000000000        10048015.7437183     
   1.43000000000000        10083334.0098861     
   1.44000000000000        10118529.0000000     
   1.45000000000000        10153601.9959794     
   1.46000000000000        10188554.2576792     
   1.47000000000000        10223387.0234178     
   1.48000000000000        10258101.5104893     
   1.49000000000000        10292698.9156595     
   1.50000000000000        10327180.4156476     
   1.51000000000000        10361547.1675928     
   1.52000000000000        10395800.3095079     
   1.53000000000000        10429940.9607189     
   1.54000000000000        10463970.2222912     
   1.55000000000000        10497889.1774448     
   1.56000000000000        10531698.8919560     
   1.57000000000000        10565400.4145486     
   1.58000000000000        10598994.7772729     
   1.59000000000000        10632482.9958752     
   1.60000000000000        10665866.0701553     
   1.61000000000000        10699144.9843156     
   1.62000000000000        10732320.7072991     
   1.63000000000000        10765394.1931188     
   1.64000000000000        10798366.3811779     
   1.65000000000000        10831238.1965807     
   1.66000000000000        10864010.5504359     
   1.67000000000000        10896684.3401513     
   1.68000000000000        10929260.4497200     
   1.69000000000000        10961739.7500000     
   1.70000000000000        10994123.0989855     
   1.71000000000000        11026411.3420714     
   1.72000000000000        11058605.3123112     
   1.73000000000000        11090705.8306671     
   1.74000000000000        11122713.7062548     
   1.75000000000000        11154629.7365813     
   1.76000000000000        11186454.7077767     
   1.77000000000000        11218189.3948201     
   1.78000000000000        11249834.5617600     
   1.79000000000000        11281390.9619287     
   1.80000000000000        11312859.3381515     
   1.81000000000000        11344240.4229511     
   1.82000000000000        11375534.9387461     
   1.83000000000000        11406743.5980453     
   1.84000000000000        11437867.1036371     
   1.85000000000000        11468906.1487737     
   1.86000000000000        11499861.4173517     
   1.87000000000000        11530733.5840878     
   1.88000000000000        11561523.3146902     
   1.89000000000000        11592231.2660265     
   1.90000000000000        11622858.0862866     
   1.91000000000000        11653404.4151429     
   1.92000000000000        11683870.8839061     
   1.93000000000000        11714258.1156770     
   1.94000000000000        11744566.7254956     
   1.95000000000000        11774797.3204864     
   1.96000000000000        11804950.5000000     
   1.97000000000000        11835026.8557518     
   1.98000000000000        11865026.9719576     
   1.99000000000000        11894951.4254661     
   2.00000000000000        11924800.7858879     
   2.01000000000000        11954575.6157225     
   2.02000000000000        11984276.4704818     
   2.03000000000000        12013903.8988107     
   2.04000000000000        12043458.4426059     
   2.05000000000000        12072940.6371311     
   2.06000000000000        12102351.0111303     
   2.07000000000000        12131690.0869385     
   2.08000000000000        12160958.3805898     
   2.09000000000000        12190156.4019233     
   2.10000000000000        12219284.6546870     
   2.11000000000000        12248343.6366385     
   2.12000000000000        12277333.8396453     
   2.13000000000000        12306255.7497809     
   2.14000000000000        12335109.8474205     
   2.15000000000000        12363896.6073340     
   2.16000000000000        12392616.4987771     
   2.17000000000000        12421269.9855803     
   2.18000000000000        12449857.5262367     
   2.19000000000000        12478379.5739875     
   2.20000000000000        12506836.5769056     
   2.21000000000000        12535228.9779780     
   2.22000000000000        12563557.2151861     
   2.23000000000000        12591821.7215846     
   2.24000000000000        12620022.9253788     
   2.25000000000000        12648161.2500000     
   2.26000000000000        12676237.1141801     
   2.27000000000000        12704250.9320240     
   2.28000000000000        12732203.1130809     
   2.29000000000000        12760094.0624144     
   2.29999999999999        12787924.1806706     
   2.30999999999999        12815693.8641454     
   2.31999999999999        12843403.5048507     
   2.32999999999999        12871053.4905782     
   2.33999999999999        12898644.2049636     
   2.34999999999999        12926176.0275480     
   2.35999999999999        12953649.3338392     
   2.36999999999999        12981064.4953712     
   2.37999999999999        13008421.8797633     
   2.38999999999999        13035721.8507768     
   2.39999999999999        13062964.7683722     
   2.40999999999999        13090150.9887644     
   2.41999999999999        13117280.8644767     
   2.42999999999999        13144354.7443943     
   2.43999999999999        13171372.9738170     
   2.44999999999999        13198335.8945100     
   2.45999999999999        13225243.8447549     
   2.46999999999999        13252097.1593987     
   2.47999999999999        13278896.1699028     
   2.48999999999999        13305641.2043905     
   2.49999999999999        13332332.5876941     
   2.50999999999999        13358970.6414007     
   2.51999999999999        13385555.6838975     
   2.52999999999999        13412088.0304163     
   2.53999999999999        13438567.9930769     
   2.54999999999999        13464995.8809302     
   2.55999999999999        13491372.0000000     
   2.56999999999999        13517696.6533244     
   2.57999999999999        13543970.1409969     
   2.58999999999999        13570192.7602054     
   2.59999999999999        13596364.8052722     
   2.60999999999999        13622486.5676924     
   2.61999999999999        13648558.3361715     
   2.62999999999999        13674580.3966627     
   2.63999999999999        13700553.0324038     
   2.64999999999999        13726476.5239526     
   2.65999999999999        13752351.1492231     
   2.66999999999999        13778177.1835194     
   2.67999999999999        13803954.8995703     
   2.68999999999999        13829684.5675628     
   2.69999999999999        13855366.4551754     
   2.70999999999999        13881000.8276103     
   2.71999999999999        13906587.9476251     
   2.72999999999999        13932128.0755650     
   2.73999999999999        13957621.4693931     
   2.74999999999999        13983068.3847208     
   2.75999999999999        14008469.0748381     
   2.76999999999998        14033823.7907425     
   2.77999999999998        14059132.7811684     
   2.78999999999998        14084396.2926155     
   2.79999999999998        14109614.5693763     
   2.80999999999998        14134787.8535644     
   2.81999999999998        14159916.3851411     
   2.82999999999998        14185000.4019423     
   2.83999999999998        14210040.1397047     
   2.84999999999998        14235035.8320917     
   2.85999999999998        14259987.7107187     
   2.86999999999998        14284896.0051785     
   2.87999999999998        14309760.9430654     
   2.88999999999998        14334582.7500000     
   2.89999999999998        14359361.6496525     
   2.90999999999998        14384097.8637670     
   2.91999999999998        14408791.6121840     
   2.92999999999998        14433443.1128632     
   2.93999999999998        14458052.5819065     
   2.94999999999998        14482620.2335796     
   2.95999999999998        14507146.2803339     
   2.96999999999998        14531630.9328279     
   2.97999999999998        14556074.3999485     
   2.98999999999998        14580476.8888316     
   2.99999999999998        14604838.6048825     
   3.00999999999998        14629159.7517965     
   3.01999999999998        14653440.5315782     
   3.02999999999998        14677681.1445614     
   3.03999999999998        14701881.7894285     
   3.04999999999998        14726042.6632292     
   3.05999999999998        14750163.9613992     
   3.06999999999998        14774245.8777792     
   3.07999999999998        14798288.6046324     
   3.08999999999998        14822292.3326626     
   3.09999999999998        14846257.2510321     
   3.10999999999998        14870183.5473789     
   3.11999999999998        14894071.4078339     
   3.12999999999998        14917921.0170375     
   3.13999999999998        14941732.5581569     
   3.14999999999998        14965506.2129017     
   3.15999999999998        14989242.1615409     
   3.16999999999998        15012940.5829182     
   3.17999999999998        15036601.6544679     
   3.18999999999998        15060225.5522307     
   3.19999999999998        15083812.4508686     
   3.20999999999998        15107362.5236801     
   3.21999999999998        15130875.9426151     
   3.22999999999998        15154352.8782896     
   3.23999999999997        15177793.4999999     
   3.24999999999997        15201197.9757372     
   3.25999999999997        15224566.4722012     
   3.26999999999997        15247899.1548143     
   3.27999999999997        15271196.1877353     
   3.28999999999997        15294457.7338727     
   3.29999999999997        15317683.9548978     
   3.30999999999997        15340875.0112583     
   3.31999999999997        15364031.0621908     
   3.32999999999997        15387152.2657339     
   3.33999999999997        15410238.7787404     
   3.34999999999997        15433290.7568902     
   3.35999999999997        15456308.3547019     
   3.36999999999997        15479291.7255455     
   3.37999999999997        15502241.0216542     
   3.38999999999997        15525156.3941357     
   3.39999999999997        15548037.9929845     
   3.40999999999997        15570885.9670927     
   3.41999999999997        15593700.4642619     
   3.42999999999997        15616481.6312137     
   3.43999999999997        15639229.6136015     
   3.44999999999997        15661944.5560207     
   3.45999999999997        15684626.6020197     
   3.46999999999997        15707275.8941103     
   3.47999999999997        15729892.5737786     
   3.48999999999997        15752476.7814947     
   3.49999999999997        15775028.6567234     
   3.50999999999997        15797548.3379340     
   3.51999999999997        15820035.9626101     
   3.52999999999997        15842491.6672596     
   3.53999999999997        15864915.5874246     
   3.54999999999997        15887307.8576901     
   3.55999999999997        15909668.6116945     
   3.56999999999997        15931997.9821381     
   3.57999999999997        15954296.1007927     
   3.58999999999997        15976563.0985104     
   3.59999999999997        15998799.1052329     
   3.60999999999997        16021004.2499999     
   3.61999999999997        16043178.6609584     
   3.62999999999997        16065322.4653708     
   3.63999999999997        16087435.7896236     
   3.64999999999997        16109518.7592360     
   3.65999999999997        16131571.4988681     
   3.66999999999997        16153594.1323288     
   3.67999999999997        16175586.7825846     
   3.68999999999997        16197549.5717667     
   3.69999999999997        16219482.6211799     
   3.70999999999996        16241386.0513095     
   3.71999999999996        16263259.9818298     
   3.72999999999996        16285104.5316112     
   3.73999999999996        16306919.8187278     
   3.74999999999996        16328705.9604653     
   3.75999999999996        16350463.0733276     
   3.76999999999996        16372191.2730448     
   3.77999999999996        16393890.6745800     
   3.78999999999996        16415561.3921363     
   3.79999999999996        16437203.5391642     
   3.80999999999996        16458817.2283681     
   3.81999999999996        16480402.5717135     
   3.82999999999996        16501959.6804336     
   3.83999999999996        16523488.6650360     
   3.84999999999996        16544989.6353092     
   3.85999999999996        16566462.7003294     
   3.86999999999996        16587907.9684667     
   3.87999999999996        16609325.5473916     
   3.88999999999996        16630715.5440814     
   3.89999999999996        16652078.0648262     
   3.90999999999996        16673413.2152353     
   3.91999999999996        16694721.1002430     
   3.92999999999996        16716001.8241149     
   3.93999999999996        16737255.4904539     
   3.94999999999996        16758482.2022057     
   3.95999999999996        16779682.0616649     
   3.96999999999996        16800855.1704809     
   3.97999999999996        16822001.6296632     
   3.98999999999996        16843121.5395872     
   3.99999999999996        16864214.9999999     
   4.00999999999996        16885282.1100252     
   4.01999999999996        16906322.9681694     
   4.02999999999996        16927337.6723266     
   4.03999999999996        16948326.3197840     
   4.04999999999996        16969289.0072271     
   4.05999999999996        16990225.8307450     
   4.06999999999996        17011136.8858354     
   4.07999999999996        17032022.2674099     
   4.08999999999996        17052882.0697987     
   4.09999999999996        17073716.3867559     
   4.10999999999996        17094525.3114643     
   4.11999999999996        17115308.9365401     
   4.12999999999996        17136067.3540379     
   4.13999999999996        17156800.6554555     
   4.14999999999996        17177508.9317385     
   4.15999999999996        17198192.2732847     
   4.16999999999996        17218850.7699494     
   4.17999999999996        17239484.5110491     
   4.18999999999996        17260093.5853667     
   4.19999999999995        17280678.0811556     
   4.20999999999995        17301238.0861443     
   4.21999999999995        17321773.6875403     
   4.22999999999995        17342284.9720352     
   4.23999999999995        17362772.0258084     
   4.24999999999995        17383234.9345313     
   4.25999999999995        17403673.7833719     
   4.26999999999995        17424088.6569984     
   4.27999999999995        17444479.6395839     
   4.28999999999995        17464846.8148098     
   4.29999999999995        17485190.2658704     
   4.30999999999995        17505510.0754764     
   4.31999999999995        17525806.3258590     
   4.32999999999995        17546079.0987740     
   4.33999999999995        17566328.4755054     
   4.34999999999995        17586554.5368690     
   4.35999999999995        17606757.3632166     
   4.36999999999995        17626937.0344396     
   4.37999999999995        17647093.6299724     
   4.38999999999995        17667227.2287965     
   4.39999999999995        17687337.9094437     
   4.40999999999995        17707425.7499999     
   4.41999999999995        17727490.8281086     
   4.42999999999995        17747533.2209744     
   4.43999999999995        17767553.0053664     
   4.44999999999995        17787550.2576218     
   4.45999999999995        17807525.0536490     
   4.46999999999995        17827477.4689313     
   4.47999999999995        17847407.5785300     
   4.48999999999995        17867315.4570877     
   4.49999999999995        17887201.1788317     
   4.50999999999995        17907064.8175773     
   4.51999999999995        17926906.4467306     
   4.52999999999995        17946726.1392920     
   4.53999999999995        17966523.9678593     
   4.54999999999995        17986300.0046307     
   4.55999999999995        18006054.3214079     
   4.56999999999995        18025786.9895993     
   4.57999999999995        18045498.0802228     
   4.58999999999995        18065187.6639087     
   4.59999999999995        18084855.8109031     
   4.60999999999995        18104502.5910703     
   4.61999999999995        18124128.0738960     
   4.62999999999995        18143732.3284902     
   4.63999999999995        18163315.4235899     
   4.64999999999995        18182877.4275617     
   4.65999999999995        18202418.4084052     
   4.66999999999994        18221938.4337552     
   4.67999999999994        18241437.5708846     
   4.68999999999994        18260915.8867072     
   4.69999999999994        18280373.4477803     
   4.70999999999994        18299810.3203073     
   4.71999999999994        18319226.5701405     
   4.72999999999994        18338622.2627835     
   4.73999999999994        18357997.4633938     
   4.74999999999994        18377352.2367856     
   4.75999999999994        18396686.6474320     
   4.76999999999994        18416000.7594678     
   4.77999999999994        18435294.6366917     
   4.78999999999994        18454568.3425690     
   4.79999999999994        18473821.9402339     
   4.80999999999994        18493055.4924918     
   4.81999999999994        18512269.0618221     
   4.82999999999994        18531462.7103802     
   4.83999999999994        18550636.4999999     
   4.84999999999994        18569790.4921958     
   4.85999999999994        18588924.7481655     
   4.86999999999994        18608039.3287921     
   4.87999999999994        18627134.2946464     
   4.88999999999994        18646209.7059887     
   4.89999999999994        18665265.6227717     
   4.90999999999994        18674962.2885439     
   4.91999999999994        18703319.2109436     
   4.92999999999994        18708278.7725243     
   4.93999999999994        18741295.5327075     
   4.94999999999994        18746188.1908779     
   4.95999999999994        18779195.0568206     
   4.96999999999994        18779322.7471415     
   4.97999999999994        18802909.0109429     
   4.98999999999994        18826485.7644187     
   4.99999999999994        18850053.0503231     
   5.00999999999994        18868893.6877602     
   5.01999999999994        18882993.6026470     
   5.02999999999994        18882885.4894636     
   5.03999999999994        18911109.0850058     
   5.04999999999994        18920388.7746519     
   5.05999999999994        18962816.0883344     
   5.06999999999994        18957817.8691470     
   5.07999999999994        19000255.0509196     
   5.08999999999994        18995173.2115169     
   5.09999999999994        19018582.7666255     
   5.10999999999994        19037219.3049204     
   5.11999999999994        19046300.1604943     
   5.12999999999994        19069664.3726911     
   5.13999999999993        19102575.8402471     
   5.14999999999993        19097235.6901258     
   5.15999999999993        19125342.3433609     
   5.16999999999993        19148657.6380573     
   5.17999999999993        19167167.7029283     
   5.18999999999993        19190461.1257413     
   5.19999999999993        19223357.6671713     
   5.20999999999993        19232211.8705319     
   5.21999999999993        19202509.3141755     
   5.22999999999993        19225713.4042286     
   5.23999999999993        19273030.5778272     
   5.24999999999993        19276925.4411303     
   5.25999999999993        19295275.6836872     
   5.26999999999993        19313608.4913226     
   5.27999999999993        19331923.9136379     
   5.28999999999993        19374458.2499999     
   5.29999999999993        19363650.9701836     
   5.30999999999993        19386766.3611669     
   5.31999999999993        19395290.7832783     
   5.32999999999993        19423241.9651217     
   5.33999999999993        19465804.6227786     
   5.34999999999993        19474273.1833731     
   5.35999999999993        19453431.2197954     
   5.36999999999993        19510639.7382664     
   5.37999999999993        19523909.3102434     
   5.38999999999993        19532260.0821113     
   5.39999999999993        19574857.6027932     
   5.40999999999993        19588072.1676000     
   5.41999999999993        19571822.2501742     
   5.42999999999993        19604602.0337477     
   5.43999999999993        19617730.3573920     
   5.44999999999993        19620993.0559934     
   5.45999999999993        19638985.7173221     
   5.46999999999993        19671748.9920653     
   5.47999999999993        19689722.2703618     
   5.48999999999993        19682989.0053615     
   5.49999999999993        19725619.6971934     
   5.50999999999993        19713861.8344264     
   5.51999999999993        19756500.4112329     
   5.52999999999993        19779343.6814720     
   5.53999999999993        19792258.8122770     
   5.54999999999993        19810113.8080707     
   5.55999999999993        19803105.6669620     
   5.56999999999993        19845775.6079682     
   5.57999999999993        19838690.7912006     
   5.58999999999993        19896321.8414401     
   5.59999999999993        19904135.7312974     
   5.60999999999992        19926891.0605832     
   5.61999999999992        19924658.6930526     
   5.62999999999992        19942377.3792514     
   5.63999999999992        19950070.2660902     
   5.64999999999992        19992796.0174587     
   5.65999999999992        19980397.5264978     
   5.66999999999992        20013095.2514558     
   5.67999999999992        20010644.7003115     
   5.68999999999992        20028251.9581837     
   5.69999999999992        20071001.6871690     
   5.70999999999992        20083564.1147483     
   5.71999999999992        20096102.3231270     
   5.72999999999992        20128795.6079524     
   5.73999999999992        20116057.0786725     
   5.74999999999992        20138625.7587476     
   5.75999999999992        20181419.9999999     
   5.76999999999992        20158431.8870187     
   5.77999999999992        20160692.3159163     
   5.78999999999992        20228836.3721047     
   5.79999999999992        20231071.0102342     
   5.80999999999992        20197705.0207809     
   5.81999999999992        20225247.9449070     
   5.82999999999992        20278236.6210404     
   5.83999999999992        20270155.4339229     
   5.84999999999992        20343573.5832946     
   5.85999999999992        20309936.6555285     
   5.86999999999992        20296622.1554717     
   5.87999999999992        20344565.7286808     
   5.88999999999992        20377202.4593213     
   5.89999999999992        20445684.2550339     
   5.90999999999992        20498867.8231041     
   5.91999999999992        20516203.0209785     
   5.92999999999992        20533523.5838110     
   5.93999999999992        20550829.5486055     
   5.94999999999992        20568120.9522103     
   5.95999999999992        20585397.8313189     
   5.96999999999992        20602660.2224709     
   5.97999999999992        20619908.1620530     
   5.98999999999992        20637141.6862999     
   5.99999999999992        20654360.8312950     
   6.00999999999992        20671565.6329715     
   6.01999999999992        20688756.1271132     
   6.02999999999992        20705932.3493553     
   6.03999999999992        20723094.3351854     
   6.04999999999992        20740242.1199442     
   6.05999999999992        20757375.7388265     
   6.06999999999992        20774495.2268819     
   6.07999999999991        20791600.6190157     
   6.08999999999991        20808691.9499898     
   6.09999999999991        20825769.2544234     
   6.10999999999991        20842832.5667939     
   6.11999999999991        20859881.9214376     
   6.12999999999991        20876917.3525507     
   6.13999999999991        20893938.8941901     
   6.14999999999991        20910946.5802738     
   6.15999999999991        20927940.4445822     
   6.16999999999991        20944920.5207586     
   6.17999999999991        20961886.8423101     
   6.18999999999991        20978839.4426080     
   6.19999999999991        20995778.3548894     
   6.20999999999991        21012703.6122570     
   6.21999999999991        21029615.2476804     
   6.22999999999991        21046513.2939969     
   6.23999999999991        21063397.7839119     
   6.24999999999991        21080268.7499999     
   6.25999999999991        21097126.2247050     
   6.26999999999991        21113970.2403421     
   6.27999999999991        21130800.8290970     
   6.28999999999991        21147618.0230276     
   6.29999999999991        21164421.8540644     
   6.30999999999991        21181212.3540111     
   6.31999999999991        21197989.5545457     
   6.32999999999991        21214753.4872207     
   6.33999999999991        21231504.1834643     
   6.34999999999991        21248241.6745804     
   6.35999999999991        21264965.9917502     
   6.36999999999991        21281677.1660320     
   6.37999999999991        21298375.2283624     
   6.38999999999991        21315060.2095569     
   6.39999999999991        21331732.1403104     
   6.40999999999991        21348391.0511980     
   6.41999999999991        21365036.9726753     
   6.42999999999991        21381669.9350799     
   6.43999999999991        21398289.9686310     
   6.44999999999991        21414897.1034309     
   6.45999999999991        21431491.3694649     
   6.46999999999991        21448072.7966026     
   6.47999999999991        21464641.4145981     
   6.48999999999991        21481197.2530907     
   6.49999999999991        21497740.3416059     
   6.50999999999991        21514270.7095552     
   6.51999999999991        21530788.3862375     
   6.52999999999991        21547293.4008394     
   6.53999999999991        21563785.7824356     
   6.54999999999990        21580265.5599899     
   6.55999999999990        21596732.7623556     
   6.56999999999990        21613187.4182759     
   6.57999999999990        21629629.5563848     
   6.58999999999990        21646059.2052075     
   6.59999999999990        21662476.3931612     
   6.60999999999990        21678881.1485552     
   6.61999999999990        21695273.4995919     
   6.62999999999990        21711653.4743674     
   6.63999999999990        21728021.1008717     
   6.64999999999990        21744376.4069895     
   6.65999999999990        21760719.4205007     
   6.66999999999990        21777050.1690811     
   6.67999999999990        21793368.6803025     
   6.68999999999990        21809674.9816338     
   6.69999999999990        21825969.1004413     
   6.70999999999990        21842251.0639892     
   6.71999999999990        21858520.8994399     
   6.72999999999990        21874778.6338552     
   6.73999999999990        21891024.2941961     
   6.74999999999990        21907257.9073237     
   6.75999999999990        21923479.4999998     
   6.76999999999990        21939689.0988872     
   6.77999999999990        21955886.7305501     
   6.78999999999990        21972072.4214549     
   6.79999999999990        21988246.1979708     
   6.80999999999990        22004408.0863697     
   6.81999999999990        22020558.1128273     
   6.82999999999990        22036696.3034236     
   6.83999999999990        22052822.6841427     
   6.84999999999990        22068937.2808741     
   6.85999999999990        22085040.1194127     
   6.86999999999990        22101131.2254596     
   6.87999999999990        22117210.6246222     
   6.88999999999990        22133278.3424150     
   6.89999999999990        22149334.4042599     
   6.90999999999990        22165378.8354868     
   6.91999999999990        22181411.6613340     
   6.92999999999990        22197432.9069484     
   6.93999999999990        22213442.5973867     
   6.94999999999990        22229440.7576149     
   6.95999999999990        22245427.4125094     
   6.96999999999990        22261402.5868574     
   6.97999999999990        22277366.3053570     
   6.98999999999990        22293318.5926181     
   6.99999999999990        22309259.4731624     
   7.00999999999989        22325188.9714242     
   7.01999999999989        22341107.1117507     
   7.02999999999989        22357013.9184023     
   7.03999999999989        22372909.4155532     
   7.04999999999989        22388793.6272918     
   7.05999999999989        22404666.5776213     
   7.06999999999989        22420528.2904595     
   7.07999999999989        22436378.7896401     
   7.08999999999989        22452218.0989123     
   7.09999999999989        22468046.2419419     
   7.10999999999989        22483863.2423113     
   7.11999999999989        22499669.1235199     
   7.12999999999989        22515463.9089846     
   7.13999999999989        22531247.6220405     
   7.14999999999989        22547020.2859407     
   7.15999999999989        22562781.9238572     
   7.16999999999989        22578532.5588810     
   7.17999999999989        22594272.2140229     
   7.18999999999989        22610000.9122132     
   7.19999999999989        22625718.6763028     
   7.20999999999989        22641425.5290632     
   7.21999999999989        22657121.4931868     
   7.22999999999989        22672806.5912878     
   7.23999999999989        22688480.8459019     
   7.24999999999989        22704144.2794873     
   7.25999999999989        22719796.9144244     
   7.26999999999989        22735438.7730170     
   7.27999999999989        22751069.8774920     
   7.28999999999989        22766690.2499998     
   7.29999999999989        22782299.9126153     
   7.30999999999989        22797898.8873376     
   7.31999999999989        22813487.1960905     
   7.32999999999989        22829064.8607230     
   7.33999999999989        22844631.9030098     
   7.34999999999989        22860188.3446513     
   7.35999999999989        22875734.2072740     
   7.36999999999989        22891269.5124312     
   7.37999999999989        22906794.2816029     
   7.38999999999989        22922308.5361966     
   7.39999999999989        22937812.2975472     
   7.40999999999989        22953305.5869176     
   7.41999999999989        22968788.4254991     
   7.42999999999989        22984260.8344113     
   7.43999999999989        22999722.8347033     
   7.44999999999989        23015174.4473529     
   7.45999999999989        23030615.6932680     
   7.46999999999989        23046046.5932862     
   7.47999999999988        23061467.1681754     
   7.48999999999988        23076877.4386343     
   7.49999999999988        23092277.4252923     
   7.50999999999988        23107667.1487102     
   7.51999999999988        23123046.6293803     
   7.52999999999988        23138415.8877268     
   7.53999999999988        23153774.9441063     
   7.54999999999988        23169123.8188077     
   7.55999999999988        23184462.5320527     
   7.56999999999988        23199791.1039964     
   7.57999999999988        23215109.5547272     
   7.58999999999988        23230417.9042673     
   7.59999999999988        23245716.1725729     
   7.60999999999988        23261004.3795347     
   7.61999999999988        23276282.5449781     
   7.62999999999988        23291550.6886632     
   7.63999999999988        23306808.8302857     
   7.64999999999988        23322056.9894767     
   7.65999999999988        23337295.1858032     
   7.66999999999988        23352523.4387684     
   7.67999999999988        23367741.7678120     
   7.68999999999988        23382950.1923102     
   7.69999999999988        23398148.7315765     
   7.70999999999988        23413337.4048616     
   7.71999999999988        23428516.2313537     
   7.72999999999988        23443685.2301792     
   7.73999999999988        23458844.4204022     
   7.74999999999988        23473993.8210257     
   7.75999999999988        23489133.4509911     
   7.76999999999988        23504263.3291789     
   7.77999999999988        23519383.4744089     
   7.78999999999988        23534493.9054405     
   7.79999999999988        23549594.6409727     
   7.80999999999988        23564685.6996448     
   7.81999999999988        23579767.1000364     
   7.82999999999988        23594838.8606677     
   7.83999999999988        23609900.9999998     
   7.84999999999988        23624953.5364349     
   7.85999999999988        23639996.4883166     
   7.86999999999988        23655029.8739304     
   7.87999999999988        23670053.7115034     
   7.88999999999988        23685068.0192051     
   7.89999999999988        23700072.8151473     
   7.90999999999988        23715068.1173848     
   7.91999999999988        23730053.9439150     
   7.92999999999988        23745030.3126787     
   7.93999999999988        23759997.2415602     
   7.94999999999987        23774954.7483873     
   7.95999999999987        23789902.8509319     
   7.96999999999987        23804841.5669102     
   7.97999999999987        23819770.9139826     
   7.98999999999987        23834690.9097543     
   7.99999999999987        23849601.5717756     
   8.00999999999987        23864502.9175417     
   8.01999999999987        23879394.9644934     
   8.02999999999987        23894277.7300170     
   8.03999999999987        23909151.2314449     
   8.04999999999987        23924015.4860554     
   8.05999999999987        23938870.5110733     
   8.06999999999987        23953716.3236699     
   8.07999999999987        23968552.9409634     
   8.08999999999987        23983380.3800190     
   8.09999999999987        23998198.6578492     
   8.10999999999987        24013007.7914141     
   8.11999999999987        24027807.7976212     
   8.12999999999987        24042598.6933265     
   8.13999999999987        24057380.4953336     
   8.14999999999987        24072153.2203950     
   8.15999999999987        24086916.8852116     
   8.16999999999987        24101671.5064330     
   8.17999999999987        24116417.1006582     
   8.18999999999987        24131153.6844353     
   8.19999999999987        24145881.2742619     
   8.20999999999987        24160599.8865853     
   8.21999999999987        24175309.5378029     
   8.22999999999987        24190010.2442620     
   8.23999999999987        24204702.0222603     
   8.24999999999987        24219384.8880464     
   8.25999999999987        24234058.8578192     
   8.26999999999987        24248723.9477289     
   8.27999999999987        24263380.1738768     
   8.28999999999987        24278027.5523155     
   8.29999999999987        24292666.0990495     
   8.30999999999987        24307295.8300347     
   8.31999999999987        24321916.7611794     
   8.32999999999987        24336528.9083438     
   8.33999999999987        24351132.2873408     
   8.34999999999987        24365726.9139356     
   8.35999999999987        24380312.8038465     
   8.36999999999987        24394889.9727446     
   8.37999999999987        24409458.4362544     
   8.38999999999987        24424018.2099536     
   8.39999999999987        24438569.3093737     
   8.40999999999987        24453111.7499998     
   8.41999999999986        24467645.5472711     
   8.42999999999986        24482170.7165809     
   8.43999999999986        24496687.2732769     
   8.44999999999986        24511195.2326614     
   8.45999999999986        24525694.6099913     
   8.46999999999986        24540185.4204786     
   8.47999999999986        24554667.6792904     
   8.48999999999986        24569141.4015489     
   8.49999999999986        24583606.6023319     
   8.50999999999986        24598063.2966731     
   8.51999999999986        24612511.4995616     
   8.52999999999986        24626951.2259428     
   8.53999999999986        24641382.4907183     
   8.54999999999986        24655805.3087462     
   8.55999999999986        24670219.6948408     
   8.56999999999986        24684625.6637735     
   8.57999999999986        24699023.2302725     
   8.58999999999986        24713412.4090231     
   8.59999999999986        24727793.2146679     
   8.60999999999986        24742165.6618068     
   8.61999999999986        24756529.7649975     
   8.62999999999986        24770885.5387554     
   8.63999999999986        24785232.9975539     
   8.64999999999986        24799572.1558246     
   8.65999999999986        24813903.0279573     
   8.66999999999986        24828225.6283002     
   8.67999999999986        24842539.9711603     
   8.68999999999986        24856846.0708034     
   8.69999999999986        24871143.9414541     
   8.70999999999986        24885433.5972963     
   8.71999999999986        24899715.0524732     
   8.72999999999986        24913988.3210873     
   8.73999999999986        24928253.4172010     
   8.74999999999986        24942510.3548361     
   8.75999999999986        24956759.1479748     
   8.76999999999986        24970999.8105590     
   8.77999999999986        24985232.3564912     
   8.78999999999986        24999456.7996341     
   8.79999999999986        25013673.1538110     
   8.80999999999986        25027881.4328061     
   8.81999999999986        25042081.6503644     
   8.82999999999986        25056273.8201918     
   8.83999999999986        25070457.9559558     
   8.84999999999986        25084634.0712848     
   8.85999999999986        25098802.1797690     
   8.86999999999986        25112962.2949602     
   8.87999999999986        25127114.4303720     
   8.88999999999985        25141258.5994800     
   8.89999999999985        25155394.8157217     
   8.90999999999985        25169523.0924973     
   8.91999999999985        25183643.4431690     
   8.92999999999985        25197755.8810618     
   8.93999999999985        25211860.4194633     
   8.94999999999985        25225957.0716240     
   8.95999999999985        25240045.8507574     
   8.96999999999985        25254126.7700400     
   8.97999999999985        25268199.8426118     
   8.98999999999985        25282265.0815761     
   8.99999999999985        25296322.4999998     
   9.00999999999985        25310372.1109136     
   9.01999999999985        25324413.9273119     
   9.02999999999985        25338447.9621531     
   9.03999999999985        25352474.2283600     
   9.04999999999985        25366492.7388193     
   9.05999999999985        25380503.5063824     
   9.06999999999985        25394506.5438650     
   9.07999999999985        25408501.8640478     
   9.08999999999985        25422489.4796760     
   9.09999999999985        25436469.4034599     
   9.10999999999985        25450441.6480749     
   9.11999999999985        25464406.2261617     
   9.12999999999985        25478363.1503262     
   9.13999999999985        25492312.4331398     
   9.14999999999985        25506254.0871397     
   9.15999999999985        25520188.1248286     
   9.16999999999985        25534114.5586754     
   9.17999999999985        25548033.4011148     
   9.18999999999985        25561944.6645476     
   9.19999999999985        25575848.3613410     
   9.20999999999985        25589744.5038285     
   9.21999999999985        25603633.1043104     
   9.22999999999985        25617514.1750532     
   9.23999999999985        25631387.7282907     
   9.24999999999985        25645253.7762231     
   9.25999999999985        25659112.3310180     
   9.26999999999985        25672963.4048100     
   9.27999999999985        25686807.0097011     
   9.28999999999985        25700643.1577606     
   9.29999999999985        25714471.8610253     
   9.30999999999985        25728293.1314998     
   9.31999999999985        25742106.9811562     
   9.32999999999985        25755913.4219349     
   9.33999999999985        25769712.4657440     
   9.34999999999985        25783504.1244599     
   9.35999999999984        25797288.4099270     
   9.36999999999984        25811065.3339584     
   9.37999999999984        25824834.9083356     
   9.38999999999984        25838597.1448084     
   9.39999999999984        25852352.0550958     
   9.40999999999984        25866099.6508854     
   9.41999999999984        25879839.9438337     
   9.42999999999984        25893572.9455663     
   9.43999999999984        25907298.6676782     
   9.44999999999984        25921017.1217334     
   9.45999999999984        25934728.3192655     
   9.46999999999984        25948432.2717775     
   9.47999999999984        25962128.9907423     
   9.48999999999984        25975818.4876022     
   9.49999999999984        25989500.7737697     
   9.50999999999984        26003175.8606269     
   9.51999999999984        26016843.7595263     
   9.52999999999984        26030504.4817906     
   9.53999999999984        26044158.0387125     
   9.54999999999984        26057804.4415555     
   9.55999999999984        26071443.7015534     
   9.56999999999984        26085075.8299105     
   9.57999999999984        26098700.8378022     
   9.58999999999984        26112318.7363745     
   9.59999999999984        26125929.5367443     
   9.60999999999984        26139533.2499998     
   9.61999999999984        26153129.8872001     
   9.62999999999984        26166719.4593758     
   9.63999999999984        26180301.9775287     
   9.64999999999984        26193877.4526321     
   9.65999999999984        26207445.8956309     
   9.66999999999984        26221007.3174418     
   9.67999999999984        26234561.7289531     
   9.68999999999984        26248109.1410252     
   9.69999999999984        26261649.5644901     
   9.70999999999984        26275183.0101524     
   9.71999999999984        26288709.4887884     
   9.72999999999984        26302229.0111472     
   9.73999999999984        26315741.5879497     
   9.74999999999984        26329247.2298898     
   9.75999999999984        26342745.9476338     
   9.76999999999984        26356237.7518206     
   9.77999999999984        26369722.6530619     
   9.78999999999984        26383200.6619425     
   9.79999999999984        26396671.7890199     
   9.80999999999984        26410136.0448248     
   9.81999999999984        26423593.4398611     
   9.82999999999983        26437043.9846059     
   9.83999999999983        26450487.6895097     
   9.84999999999983        26463924.5649964     
   9.85999999999983        26477354.6214635     
   9.86999999999983        26490777.8692821     
   9.87999999999983        26504194.3187972     
   9.88999999999983        26517603.9803275     
   9.89999999999983        26531006.8641655     
   9.90999999999983        26544402.9805779     
   9.91999999999983        26557792.3398054     
   9.92999999999983        26571174.9520630     
   9.93999999999983        26584550.8275400     
   9.94999999999983        26597919.9763999     
   9.95999999999983        26611282.4087808     
   9.96999999999983        26624638.1347954     
   9.97999999999983        26637987.1645310     
   9.98999999999983        26651329.5080496     
   9.99999999999983        26664665.1753880     
   10.0099999999998        26677994.1765581     
   10.0199999999998        26691316.5215465     
   10.0299999999998        26704632.2203152     
   10.0399999999998        26717941.2828012     
   10.0499999999998        26731243.7189168     
   10.0599999999998        26744539.5385496     
   10.0699999999998        26757828.7515628     
   10.0799999999998        26771111.3677949     
   10.0899999999998        26784387.3970601     
   10.0999999999998        26797656.8491483     
   10.1099999999998        26810919.7338253     
   10.1199999999998        26824176.0608325     
   10.1299999999998        26837425.8398873     
   10.1399999999998        26850669.0806834     
   10.1499999999998        26863905.7928903     
   10.1599999999998        26877135.9861537     
   10.1699999999998        26890359.6700958     
   10.1799999999998        26903576.8543149     
   10.1899999999998        26916787.5483860     
   10.1999999999998        26929991.7618603     
   10.2099999999998        26943189.5042658     
   10.2199999999998        26956380.7851071     
   10.2299999999998        26969565.6138657     
   10.2399999999998        26982743.9999998     
   10.2499999999998        26995915.9529444     
   10.2599999999998        27009081.4821118     
   10.2699999999998        27022240.5968911     
   10.2799999999998        27035393.3066487     
   10.2899999999998        27048539.6207282     
   10.2999999999998        27061679.5484504     
   10.3099999999998        27074813.0991136     
   10.3199999999998        27087940.2819935     
   10.3299999999998        27101061.1063435     
   10.3399999999998        27114175.5813943     
   10.3499999999998        27127283.7163545     
   10.3599999999998        27140385.5204105     
   10.3699999999998        27153481.0027264     
   10.3799999999998        27166570.1724443     
   10.3899999999998        27179653.0386842     
   10.3999999999998        27192729.6105443     
   10.4099999999998        27205799.8971008     
   10.4199999999998        27218863.9074081     
   10.4299999999998        27231921.6504991     
   10.4399999999998        27244973.1353847     
   10.4499999999998        27258018.3710546     
   10.4599999999998        27271057.3664767     
   10.4699999999998        27284090.1305977     
   10.4799999999998        27297116.6723428     
   10.4899999999998        27310137.0006159     
   10.4999999999998        27323151.1242998     
   10.5099999999998        27336159.0522561     
   10.5199999999998        27349160.7933252     
   10.5299999999998        27362156.3563268     
   10.5399999999998        27375145.7500593     
   10.5499999999998        27388128.9833005     
   10.5599999999998        27401106.0648073     
   10.5699999999998        27414077.0033160     
   10.5799999999998        27427041.8075419     
   10.5899999999998        27440000.4861802     
   10.5999999999998        27452953.0479051     
   10.6099999999998        27465899.5013708     
   10.6199999999998        27478839.8552107     
   10.6299999999998        27491774.1180381     
   10.6399999999998        27504702.2984461     
   10.6499999999998        27517624.4050074     
   10.6599999999998        27530540.4462749     
   10.6699999999998        27543450.4307810     
   10.6799999999998        27556354.3670386     
   10.6899999999998        27569252.2635403     
   10.6999999999998        27582144.1287591     
   10.7099999999998        27595029.9711480     
   10.7199999999998        27607909.7991403     
   10.7299999999998        27620783.6211500     
   10.7399999999998        27633651.4455709     
   10.7499999999998        27646513.2807777     
   10.7599999999998        27659369.1351255     
   10.7699999999998        27672219.0169500     
   10.7799999999998        27685062.9345675     
   10.7899999999998        27697900.8962751     
   10.7999999999998        27710732.9103507     
   10.8099999999998        27723558.9850529     
   10.8199999999998        27736379.1286214     
   10.8299999999998        27749193.3492767     
   10.8399999999998        27762001.6552203     
   10.8499999999998        27774804.0546351     
   10.8599999999998        27787600.5556847     
   10.8699999999998        27800391.1665142     
   10.8799999999998        27813175.8952501     
   10.8899999999998        27825954.7499998     
   10.8999999999998        27838727.7388524     
   10.9099999999998        27851494.8698784     
   10.9199999999998        27864256.1511299     
   10.9299999999998        27877011.5906403     
   10.9399999999998        27889761.1964250     
   10.9499999999998        27902504.9764807     
   10.9599999999998        27915242.9387860     
   10.9699999999998        27927975.0913015     
   10.9799999999998        27940701.4419695     
   10.9899999999998        27953421.9987140     
   10.9999999999998        27966136.7694415     
   11.0099999999998        27978845.7620399     
   11.0199999999998        27991548.9843799     
   11.0299999999998        28004246.4443136     
   11.0399999999998        28016938.1496760     
   11.0499999999998        28029624.1082838     
   11.0599999999998        28042304.3279364     
   11.0699999999998        28054978.8164154     
   11.0799999999998        28067647.5814848     
   11.0899999999998        28080310.6308913     
   11.0999999999998        28092967.9723638     
   11.1099999999998        28105619.6136142     
   11.1199999999998        28118265.5623367     
   11.1299999999998        28130905.8262084     
   11.1399999999998        28143540.4128891     
   11.1499999999998        28156169.3300214     
   11.1599999999998        28168792.5852308     
   11.1699999999998        28181410.1861257     
   11.1799999999998        28194022.1402975     
   11.1899999999998        28206628.4553206     
   11.1999999999998        28219229.1387525     
   11.2099999999998        28231824.1981338     
   11.2199999999998        28244413.6409883     
   11.2299999999998        28256997.4748232     
   11.2399999999998        28269575.7071287     
   11.2499999999998        28282148.3453785     
   11.2599999999998        28294715.3970297     
   11.2699999999998        28307276.8695229     
   11.2799999999998        28319832.7702820     
   11.2899999999998        28332383.1067148     
   11.2999999999998        28344927.8862122     
   11.3099999999998        28357467.1161493     
   11.3199999999998        28370000.8038844     
   11.3299999999998        28382528.9567600     
   11.3399999999998        28395051.5821020     
   11.3499999999998        28407568.6872205     
   11.3599999999998        28420080.2794092     
   11.3699999999998        28432586.3659460     
   11.3799999999998        28445086.9540927     
   11.3899999999998        28457582.0510951     
   11.3999999999998        28470071.6641832     
   11.4099999999998        28482555.8005710     
   11.4199999999998        28495034.4674569     
   11.4299999999998        28507507.6720234     
   11.4399999999998        28519975.4214373     
   11.4499999999998        28532437.7228498     
   11.4599999999998        28544894.5833965     
   11.4699999999998        28557346.0101974     
   11.4799999999998        28569792.0103569     
   11.4899999999998        28582232.5909640     
   11.4999999999998        28594667.7590925     
   11.5099999999998        28607097.5218004     
   11.5199999999998        28619521.8861307     
   11.5299999999998        28631940.8591110     
   11.5399999999998        28644354.4477537     
   11.5499999999998        28656762.6590559     
   11.5599999999998        28669165.4999997     
   11.5699999999998        28681562.9775522     
   11.5799999999998        28693955.0986651     
   11.5899999999998        28706341.8702753     
   11.5999999999998        28718723.2993049     
   11.6099999999998        28731099.3926608     
   11.6199999999998        28743470.1572352     
   11.6299999999998        28755835.5999054     
   11.6399999999998        28768195.7275339     
   11.6499999999998        28780550.5469686     
   11.6599999999998        28792900.0650426     
   11.6699999999998        28805244.2885744     
   11.6799999999998        28817583.2243678     
   11.6899999999998        28829916.8792121     
   11.6999999999998        28842245.2598821     
   11.7099999999998        28854568.3731382     
   11.7199999999998        28866886.2257263     
   11.7299999999998        28879198.8243777     
   11.7399999999998        28891506.1758098     
   11.7499999999998        28903808.2867253     
   11.7599999999998        28916105.1638129     
   11.7699999999998        28928396.8137469     
   11.7799999999998        28940683.2431876     
   11.7899999999998        28952964.4587810     
   11.7999999999998        28965240.4671591     
   11.8099999999998        28977511.2749398     
   11.8199999999998        28989776.8887272     
   11.8299999999998        29002037.3151111     
   11.8399999999998        29014292.5606676     
   11.8499999999998        29026542.6319589     
   11.8599999999998        29038787.5355333     
   11.8699999999998        29051027.2779253     
   11.8799999999998        29063261.8656556     
   11.8899999999998        29075491.3052314     
   11.8999999999998        29087715.6031460     
   11.9099999999998        29099934.7658791     
   11.9199999999998        29112148.7998969     
   11.9299999999998        29124357.7116518     
   11.9399999999998        29136561.5075830     
   11.9499999999998        29148760.1941160     
   11.9599999999998        29160953.7776630     
   11.9699999999998        29173142.2646227     
   11.9799999999998        29185325.6613804     
   11.9899999999998        29197503.9743082     
   11.9999999999998        29209677.2097649     
   12.0099999999998        29221845.3740960     
   12.0199999999998        29234008.4736338     
   12.0299999999998        29246166.5146974     
   12.0399999999998        29258319.5035929     
   12.0499999999998        29270467.4466131     
   12.0599999999998        29282610.3500380     
   12.0699999999998        29294748.2201344     
   12.0799999999998        29306881.0631562     
   12.0899999999998        29319008.8853443     
   12.0999999999998        29331131.6929268     
   12.1099999999998        29343249.4921188     
   12.1199999999998        29355362.2891227     
   12.1299999999998        29367470.0901280     
   12.1399999999998        29379572.9013115     
   12.1499999999998        29391670.7288373     
   12.1599999999998        29403763.5788569     
   12.1699999999998        29415851.4575088     
   12.1799999999998        29427934.3709194     
   12.1899999999998        29440012.3252022     
   12.1999999999998        29452085.3264581     
   12.2099999999998        29464153.3807759     
   12.2199999999998        29476216.4942314     
   12.2299999999998        29488274.6728885     
   12.2399999999998        29500327.9227983     
   12.2499999999998        29512376.2499997     
   12.2599999999998        29524419.6605194     
   12.2699999999998        29536458.1603716     
   12.2799999999998        29548491.7555583     
   12.2899999999998        29560520.4520694     
   12.2999999999998        29572544.2558825     
   12.3099999999998        29584563.1729631     
   12.3199999999998        29596577.2092645     
   12.3299999999998        29608586.3707282     
   12.3399999999998        29620590.6632833     
   12.3499999999998        29632590.0928472     
   12.3599999999998        29644584.6653250     
   12.3699999999998        29656574.3866100     
   12.3799999999998        29668559.2625839     
   12.3899999999998        29680539.2991159     
   12.3999999999998        29692514.5020640     
   12.4099999999998        29704484.8772740     
   12.4199999999998        29716450.4305799     
   12.4299999999998        29728411.1678043     
   12.4399999999998        29740367.0947577     
   12.4499999999998        29752318.2172391     
   12.4599999999998        29764264.5410360     
   12.4699999999998        29776206.0719241     
   12.4799999999998        29788142.8156675     
   12.4899999999998        29800074.7780190     
   12.4999999999998        29812001.9647195     
   12.5099999999998        29823924.3814987     
   12.5199999999998        29835842.0340749     
   12.5299999999998        29847754.9281547     
   12.5399999999998        29859663.0694336     
   12.5499999999998        29871566.4635957     
   12.5599999999998        29883465.1163136     
   12.5699999999998        29895359.0332487     
   12.5799999999998        29907248.2200513     
   12.5899999999998        29919132.6823603     
   12.5999999999998        29931012.4258033     
   12.6099999999998        29942887.4559971     
   12.6199999999998        29954757.7785470     
   12.6299999999998        29966623.3990475     
   12.6399999999998        29978484.3230817     
   12.6499999999998        29990340.5562219     
   12.6599999999998        30002192.1040294     
   12.6699999999998        30014038.9720544     
   12.6799999999998        30025881.1658362     
   12.6899999999998        30037718.6909032     
   12.6999999999998        30049551.5527728     
   12.7099999999998        30061379.7569517     
   12.7199999999998        30073203.3089357     
   12.7299999999998        30085022.2142098     
   12.7399999999998        30096836.4782482     
   12.7499999999998        30108646.1065144     
   12.7599999999998        30120451.1044613     
   12.7699999999998        30132251.4775308     
   12.7799999999998        30144047.2311545     
   12.7899999999998        30155838.3707532     
   12.7999999999998        30167624.9017370     
   12.8099999999998        30179406.8295058     
   12.8199999999998        30191184.1594485     
   12.8299999999998        30202956.8969439     
   12.8399999999998        30214725.0473600     
   12.8499999999998        30226488.6160547     
   12.8599999999998        30238247.6083750     
   12.8699999999998        30250002.0296580     
   12.8799999999998        30261751.8852301     
   12.8899999999998        30273497.1804075     
   12.8999999999998        30285237.9204962     
   12.9099999999998        30296974.1107916     
   12.9199999999998        30308705.7565791     
   12.9299999999998        30320432.8631338     
   12.9399999999998        30332155.4357207     
   12.9499999999998        30343873.4795945     
   12.9599999999998        30355586.9999997     
   12.9699999999998        30367296.0021710     
   12.9799999999998        30379000.4913326     
   12.9899999999998        30390700.4726989     
   12.9999999999998        30402395.9514742     
   13.0099999999998        30414086.9328528     
   13.0199999999998        30425773.4220191     
   13.0299999999998        30437455.4241474     
   13.0399999999998        30449132.9444022     
   13.0499999999998        30460805.9879379     
   13.0599999999998        30472474.5598993     
   13.0699999999998        30484138.6654211     
   13.0799999999998        30495798.3096285     
   13.0899999999998        30507453.4976365     
   13.0999999999998        30519104.2345507     
   13.1099999999998        30530750.5254667     
   13.1199999999998        30542392.3754705     
   13.1299999999998        30554029.7896385     
   13.1399999999998        30565662.7730372     
   13.1499999999998        30577291.3307237     
   13.1599999999998        30588915.4677452     
   13.1699999999998        30600535.1891397     
   13.1799999999998        30612150.4999354     
   13.1899999999998        30623761.4051509     
   13.1999999999998        30635367.9097955     
   13.2099999999998        30646970.0188688     
   13.2199999999998        30658567.7373611     
   13.2299999999998        30670161.0702532     
   13.2399999999998        30681750.0225164     
   13.2499999999998        30693334.5991129     
   13.2599999999998        30704914.8049953     
   13.2699999999998        30716490.6451068     
   13.2799999999998        30728062.1243815     
   13.2899999999998        30739629.2477441     
   13.2999999999998        30751192.0201101     
   13.3099999999998        30762750.4463856     
   13.3199999999998        30774304.5314677     
   13.3299999999998        30785854.2802442     
   13.3399999999998        30797399.6975937     
   13.3499999999998        30808940.7883857     
   13.3599999999998        30820477.5574807     
   13.3699999999998        30832010.0097300     
   13.3799999999998        30843538.1499757     
   13.3899999999998        30855061.9830510     
   13.3999999999998        30866581.5137802     
   13.4099999999998        30878096.7469783     
   13.4199999999998        30889607.6874516     
   13.4299999999998        30901114.3399972     
   13.4399999999998        30912616.7094036     
   13.4499999999998        30924114.8004501     
   13.4599999999998        30935608.6179071     
   13.4699999999998        30947098.1665365     
   13.4799999999998        30958583.4510909     
   13.4899999999998        30970064.4763145     
   13.4999999999998        30981541.2469424     
   13.5099999999998        30993013.7677011     
   13.5199999999998        31004482.0433082     
   13.5299999999998        31015946.0784729     
   13.5399999999998        31027405.8778953     
   13.5499999999998        31038861.4462672     
   13.5599999999998        31050312.7882713     
   13.5699999999998        31061759.9085821     
   13.5799999999998        31073202.8118653     
   13.5899999999998        31084641.5027781     
   13.5999999999998        31096075.9859688     
   13.6099999999998        31107506.2660777     
   13.6199999999998        31118932.3477361     
   13.6299999999998        31130354.2355672     
   13.6399999999998        31141771.9341853     
   13.6499999999998        31153185.4481966     
   13.6599999999998        31164594.7821986     
   13.6699999999998        31175999.9407807     
   13.6799999999998        31187400.9285236     
   13.6899999999998        31198797.7499997     
   13.6999999999998        31210190.4097733     
   13.7099999999998        31221578.9124000     
   13.7199999999998        31232963.2624273     
   13.7299999999998        31244343.4643945     
   13.7399999999998        31255719.5228324     
   13.7499999999998        31267091.4422637     
   13.7599999999998        31278459.2272029     
   13.7699999999998        31289822.8821563     
   13.7799999999998        31301182.4116219     
   13.7899999999998        31312537.8200896     
   13.7999999999998        31323889.1120413     
   13.8099999999998        31335236.2919505     
   13.8199999999997        31346579.3642829     
   13.8299999999997        31357918.3334960     
   13.8399999999997        31369253.2040392     
   13.8499999999997        31380583.9803538     
   13.8599999999997        31391910.6668733     
   13.8699999999997        31403233.2680230     
   13.8799999999997        31414551.7882204     
   13.8899999999997        31425866.2318750     
   13.8999999999997        31437176.6033881     
   13.9099999999997        31448482.9071536     
   13.9199999999997        31459785.1475570     
   13.9299999999997        31471083.3289762     
   13.9399999999997        31482377.4557811     
   13.9499999999997        31493667.5323340     
   13.9599999999997        31504953.5629892     
   13.9699999999997        31516235.5520932     
   13.9799999999997        31527513.5039847     
   13.9899999999997        31538787.4229948     
   13.9999999999997        31550057.3134467     
   14.0099999999997        31561323.1796559     
   14.0199999999997        31572585.0259303     
   14.0299999999997        31583842.8565701     
   14.0399999999997        31595096.6758678     
   14.0499999999997        31606346.4881082     
   14.0599999999997        31617592.2975685     
   14.0699999999997        31628834.1085184     
   14.0799999999997        31640071.9252200     
   14.0899999999997        31651305.7519277     
   14.0999999999997        31662535.5928884     
   14.1099999999997        31673761.4523416     
   14.1199999999997        31684983.3345192     
   14.1299999999997        31696201.2436455     
   14.1399999999997        31707415.1839374     
   14.1499999999997        31718625.1596046     
   14.1599999999997        31729831.1748490     
   14.1699999999997        31741033.2338652     
   14.1799999999997        31752231.3408404     
   14.1899999999997        31763425.4999546     
   14.1999999999997        31774615.7153801     
   14.2099999999997        31785801.9912821     
   14.2199999999997        31796984.3318185     
   14.2299999999997        31808162.7411397     
   14.2399999999997        31819337.2233889     
   14.2499999999997        31830507.7827021     
   14.2599999999997        31841674.4232079     
   14.2699999999997        31852837.1490279     
   14.2799999999997        31863995.9642761     
   14.2899999999997        31875150.8730597     
   14.2999999999997        31886301.8794785     
   14.3099999999997        31897448.9876252     
   14.3199999999997        31908592.2015852     
   14.3299999999997        31919731.5254371     
   14.3399999999997        31930866.9632520     
   14.3499999999997        31941998.5190942     
   14.3599999999997        31953126.1970207     
   14.3699999999997        31964250.0010816     
   14.3799999999997        31975369.9353199     
   14.3899999999997        31986486.0037716     
   14.3999999999997        31997598.2104656     
   14.4099999999997        32008706.5594239     
   14.4199999999997        32019811.0546615     
   14.4299999999997        32030911.7001864     
   14.4399999999997        32042008.4999997     
   14.4499999999997        32053101.4580956     
   14.4599999999997        32064190.5784613     
   14.4699999999997        32075275.8650771     
   14.4799999999997        32086357.3219167     
   14.4899999999997        32097434.9529465     
   14.4999999999997        32108508.7621264     
   14.5099999999997        32119578.7534093     
   14.5199999999997        32130644.9307414     
   14.5299999999997        32141707.2980620     
   14.5399999999997        32152765.8593038     
   14.5499999999997        32163820.6183924     
   14.5599999999997        32174871.5792471     
   14.5699999999997        32185918.7457800     
   14.5799999999997        32196962.1218970     
   14.5899999999997        32208001.7114969     
   14.5999999999997        32219037.5184719     
   14.6099999999997        32230069.5467077     
   14.6199999999997        32241097.8000833     
   14.6299999999997        32252122.2824708     
   14.6399999999997        32263142.9977360     
   14.6499999999997        32274159.9497381     
   14.6599999999997        32285173.1423295     
   14.6699999999997        32296182.5793562     
   14.6799999999997        32307188.2646575     
   14.6899999999997        32318190.2020664     
   14.6999999999997        32329188.3954091     
   14.7099999999997        32340182.8485056     
   14.7199999999997        32351173.5651690     
   14.7299999999997        32362160.5492063     
   14.7399999999997        32373143.8044179     
   14.7499999999997        32384123.3345977     
   14.7599999999997        32395099.1435333     
   14.7699999999997        32406071.2350057     
   14.7799999999997        32417039.6127898     
   14.7899999999997        32428004.2806537     
   14.7999999999997        32438965.2423596     
   14.8099999999997        32449922.5016629     
   14.8199999999997        32460876.0623130     
   14.8299999999997        32471825.9280528     
   14.8399999999997        32482772.1026189     
   14.8499999999997        32493714.5897417     
   14.8599999999997        32504653.3931452     
   14.8699999999997        32515588.5165473     
   14.8799999999997        32526519.9636595     
   14.8899999999997        32537447.7381870     
   14.8999999999997        32548371.8438291     
   14.9099999999997        32559292.2842786     
   14.9199999999997        32570209.0632222     
   14.9299999999997        32581122.1843404     
   14.9399999999997        32592031.6513075     
   14.9499999999997        32602937.4677919     
   14.9599999999997        32613839.6374555     
   14.9699999999997        32624738.1639543     
   14.9799999999997        32635633.0509383     
   14.9899999999997        32646524.3020510     
   14.9999999999997        32657411.9209304     
   15.0099999999997        32668295.9112079     
   15.0199999999997        32679176.2765091     
   15.0299999999997        32690053.0204536     
   15.0399999999997        32700926.1466550     
   15.0499999999997        32711795.6587208     
   15.0599999999997        32722661.5602524     
   15.0699999999997        32733523.8548454     
   15.0799999999997        32744382.5460895     
   15.0899999999997        32755237.6375682     
   15.0999999999997        32766089.1328593     
   15.1099999999997        32776937.0355345     
   15.1199999999997        32787781.3491598     
   15.1299999999997        32798622.0772950     
   15.1399999999997        32809459.2234944     
   15.1499999999997        32820292.7913061     
   15.1599999999997        32831122.7842724     
   15.1699999999997        32841949.2059300     
   15.1799999999997        32852772.0598096     
   15.1899999999997        32863591.3494359     
   15.1999999999997        32874407.0783282     
   15.2099999999997        32885219.2499997     
   15.2199999999997        32896027.8679580     
   15.2299999999997        32906832.9357047     
   15.2399999999997        32917634.4567361     
   15.2499999999997        32928432.4345422     
   15.2599999999997        32939226.8726078     
   15.2699999999997        32950017.7744117     
   15.2799999999997        32960805.1434269     
   15.2899999999997        32971588.9831211     
   15.2999999999997        32982369.2969561     
   15.3099999999997        32993146.0883879     
   15.3199999999997        33003919.3608672     
   15.3299999999997        33014689.1178387     
   15.3399999999997        33025455.3627418     
   15.3499999999997        33036218.0990102     
   15.3599999999997        33046977.3300719     
   15.3699999999997        33057733.0593494     
   15.3799999999997        33068485.2902596     
   15.3899999999997        33079234.0262139     
   15.3999999999997        33089979.2706183     
   15.4099999999997        33100721.0268728     
   15.4199999999997        33111459.2983725     
   15.4299999999997        33122194.0885065     
   15.4399999999997        33132925.4006586     
   15.4499999999997        33143653.2382072     
   15.4599999999997        33154377.6045252     
   15.4699999999997        33165098.5029798     
   15.4799999999997        33175815.9369332     
   15.4899999999997        33186529.9097418     
   15.4999999999997        33197240.4247567     
   15.5099999999997        33207947.4853237     
   15.5199999999997        33218651.0947831     
   15.5299999999997        33229351.2564698     
   15.5399999999997        33240047.9737133     
   15.5499999999997        33250741.2498380     
   15.5599999999997        33261431.0881627     
   15.5699999999997        33272117.4920009     
   15.5799999999997        33282800.4646608     
   15.5899999999997        33293480.0094454     
   15.5999999999997        33304156.1296523     
   15.6099999999997        33314828.8285738     
   15.6199999999997        33325498.1094970     
   15.6299999999997        33336163.9757037     
   15.6399999999997        33346826.4304704     
   15.6499999999997        33357485.4770685     
   15.6599999999997        33368141.1187640     
   15.6699999999997        33378793.3588179     
   15.6799999999997        33389442.2004858     
   15.6899999999997        33400087.6470182     
   15.6999999999997        33410729.7016604     
   15.7099999999997        33421368.3676526     
   15.7199999999997        33432003.6482297     
   15.7299999999997        33442635.5466216     
   15.7399999999997        33453264.0660530     
   15.7499999999997        33463889.2097435     
   15.7599999999997        33474510.9809076     
   15.7699999999997        33485129.3827547     
   15.7799999999997        33495744.4184890     
   15.7899999999997        33506356.0913098     
   15.7999999999997        33516964.4044112     
   15.8099999999997        33527569.3609824     
   15.8199999999997        33538170.9642073     
   15.8299999999997        33548769.2172651     
   15.8399999999997        33559364.1233297     
   15.8499999999997        33569955.6855702     
   15.8599999999997        33580543.9071505     
   15.8699999999997        33591128.7912296     
   15.8799999999997        33601710.3409617     
   15.8899999999997        33612288.5594957     
   15.8999999999997        33622863.4499759     
   15.9099999999997        33633435.0155413     
   15.9199999999997        33644003.2593262     
   15.9299999999997        33654568.1844600     
   15.9399999999997        33665129.7940671     
   15.9499999999997        33675688.0912670     
   15.9599999999997        33686243.0791743     
   15.9699999999997        33696794.7608987     
   15.9799999999997        33707343.1395452     
   15.9899999999997        33717888.2182138     
   15.9999999999997        33728429.9999997     
   16.0099999999997        33738968.4879932     
   16.0199999999997        33749503.6852797     
   16.0299999999997        33760035.5949401     
   16.0399999999997        33770564.2200503     
   16.0499999999997        33781089.5636813     
   16.0599999999997        33791611.6288995     
   16.0699999999997        33802130.4187663     
   16.0799999999997        33812645.9363387     
   16.0899999999997        33823158.1846687     
   16.0999999999997        33833667.1668035     
   16.1099999999997        33844172.8857857     
   16.1199999999997        33854675.3446532     
   16.1299999999997        33865174.5464390     
   16.1399999999997        33875670.4941717     
   16.1499999999997        33886163.1908750     
   16.1599999999997        33896652.6395680     
   16.1699999999997        33907138.8432649     
   16.1799999999997        33917621.8049757     
   16.1899999999997        33928101.5277053     
   16.1999999999997        33938578.0144542     
   16.2099999999997        33949051.2682182     
   16.2199999999997        33959521.2919885     
   16.2299999999997        33969988.0887518     
   16.2399999999997        33980451.6614899     
   16.2499999999997        33990912.0131804     
   16.2599999999997        34001369.1467959     
   16.2699999999997        34011823.0653048     
   16.2799999999997        34022273.7716708     
   16.2899999999997        34032721.2688529     
   16.2999999999997        34043165.5598058     
   16.3099999999998        34053606.6474796     
   16.3199999999998        34064044.5348197     
   16.3299999999998        34074479.2247673     
   16.3399999999998        34084910.7202588     
   16.3499999999998        34095339.0242263     
   16.3599999999998        34105764.1395973     
   16.3699999999998        34116186.0692950     
   16.3799999999998        34126604.8162379     
   16.3899999999998        34137020.3833403     
   16.3999999999998        34147432.7735118     
   16.4099999999998        34157841.9896577     
   16.4199999999998        34168248.0346789     
   16.4299999999998        34178650.9114718     
   16.4399999999998        34189050.6229285     
   16.4499999999998        34199447.1719366     
   16.4599999999998        34209840.5613794     
   16.4699999999998        34220230.7941357     
   16.4799999999998        34230617.8730801     
   16.4899999999998        34241001.8010827     
   16.4999999999998        34251382.5810092     
   16.5099999999998        34261760.2157212     
   16.5199999999998        34272134.7080758     
   16.5299999999998        34282506.0609257     
   16.5399999999998        34292874.2771195     
   16.5499999999998        34303239.3595013     
   16.5599999999998        34313601.3109111     
   16.5699999999998        34323960.1341843     
   16.5799999999998        34334315.8321524     
   16.5899999999998        34344668.4076423     
   16.5999999999998        34355017.8634769     
   16.6099999999998        34365364.2024748     
   16.6199999999998        34375707.4274501     
   16.6299999999998        34386047.5412131     
   16.6399999999998        34396384.5465695     
   16.6499999999998        34406718.4463209     
   16.6599999999998        34417049.2432648     
   16.6699999999998        34427376.9401944     
   16.6799999999998        34437701.5398988     
   16.6899999999998        34448023.0451627     
   16.6999999999998        34458341.4587669     
   16.7099999999998        34468656.7834880     
   16.7199999999998        34478969.0220982     
   16.7299999999998        34489278.1773658     
   16.7399999999998        34499584.2520550     
   16.7499999999998        34509887.2489256     
   16.7599999999998        34520187.1707334     
   16.7699999999998        34530484.0202304     
   16.7799999999998        34540777.8001640     
   16.7899999999998        34551068.5132778     
   16.7999999999998        34561356.1623113     
   16.8099999999998        34571640.7499998     
   16.8199999999998        34581922.2790747     
   16.8299999999998        34592200.7522632     
   16.8399999999998        34602476.1722885     
   16.8499999999998        34612748.5418698     
   16.8599999999998        34623017.8637222     
   16.8699999999998        34633284.1405568     
   16.8799999999998        34643547.3750807     
   16.8899999999998        34653807.5699969     
   16.8999999999998        34664064.7280045     
   16.9099999999998        34674318.8517987     
   16.9199999999998        34684569.9440705     
   16.9299999999998        34694818.0075071     
   16.9399999999998        34705063.0447915     
   16.9499999999999        34715305.0586030     
   16.9599999999999        34725544.0516169     
   16.9699999999999        34735780.0265044     
   16.9799999999999        34746012.9859329     
   16.9899999999999        34756242.9325658     
   16.9999999999999        34766469.8690627     
   17.0099999999999        34776693.7980792     
   17.0199999999999        34786914.7222670     
   17.0299999999999        34797132.6442739     
   17.0399999999999        34807347.5667438     
   17.0499999999999        34817559.4923169     
   17.0599999999999        34827768.4236292     
   17.0699999999999        34837974.3633130     
   17.0799999999999        34848177.3139969     
   17.0899999999999        34858377.2783055     
   17.0999999999999        34868574.2588596     
   17.1099999999999        34878768.2582760     
   17.1199999999999        34888959.2791679     
   17.1299999999999        34899147.3241446     
   17.1399999999999        34909332.3958117     
   17.1499999999999        34919514.4967707     
   17.1599999999999        34929693.6296197     
   17.1699999999999        34939869.7969528     
   17.1799999999999        34950043.0013602     
   17.1899999999999        34960213.2454286     
   17.1999999999999        34970380.5317408     
   17.2099999999999        34980544.8628759     
   17.2199999999999        34990706.2414092     
   17.2299999999999        35000864.6699122     
   17.2399999999999        35011020.1509528     
   17.2499999999999        35021172.6870951     
   17.2599999999999        35031322.2808996     
   17.2699999999999        35041468.9349229     
   17.2799999999999        35051612.6517181     
   17.2899999999999        35061753.4338344     
   17.2999999999999        35071891.2838175     
   17.3099999999999        35082026.2042094     
   17.3199999999999        35092158.1975482     
   17.3299999999999        35102287.2663686     
   17.3399999999999        35112413.4132016     
   17.3499999999999        35122536.6405744     
   17.3599999999999        35132656.9510108     
   17.3699999999999        35142774.3470308     
   17.3799999999999        35152888.8311507     
   17.3899999999999        35163000.4058834     
   17.3999999999999        35173109.0737380     
   17.4099999999999        35183214.8372202     
   17.4199999999999        35193317.6988318     
   17.4299999999999        35203417.6610712     
   17.4399999999999        35213514.7264333     
   17.4499999999999        35223608.8974093     
   17.4599999999999        35233700.1764868     
   17.4699999999999        35243788.5661500     
   17.4799999999999        35253874.0688793     
   17.4899999999999        35263956.6871517     
   17.4999999999999        35274036.4234408     
   17.5099999999999        35284113.2802164     
   17.5199999999999        35294187.2599450     
   17.5299999999999        35304258.3650893     
   17.5399999999999        35314326.5981088     
   17.5499999999999        35324391.9614593     
   17.5599999999999        35334454.4575932     
   17.5699999999999        35344514.0889593     
   17.5799999999999        35354570.8580030     
   17.5900000000000        35364624.7671663     
   17.6000000000000        35374675.8188875     
   17.6100000000000        35384724.0156017     
   17.6200000000000        35394769.3597404     
   17.6300000000000        35404811.8537316     
   17.6400000000000        35414851.5000000     
   17.6500000000000        35424888.3009667     
   17.6600000000000        35434922.2590495     
   17.6700000000000        35444953.3766628     
   17.6800000000000        35454981.6562174     
   17.6900000000000        35465007.1001209     
   17.7000000000000        35475029.7107775     
   17.7100000000000        35485049.4905877     
   17.7200000000000        35495066.4419490     
   17.7300000000000        35505080.5672553     
   17.7400000000000        35515091.8688972     
   17.7500000000000        35525100.3492618     
   17.7600000000000        35535106.0107331     
   17.7700000000000        35545108.8556914     
   17.7800000000000        35555108.8865140     
   17.7900000000000        35565106.1055747     
   17.8000000000000        35575100.5152438     
   17.8100000000000        35585092.1178886     
   17.8200000000000        35595080.9158728     
   17.8300000000000        35605066.9115569     
   17.8400000000000        35615050.1072982     
   17.8500000000000        35625030.5054505     
   17.8600000000000        35635008.1083644     
   17.8700000000000        35644982.9183871     
   17.8800000000000        35654954.9378628     
   17.8900000000000        35664924.1691321     
   17.9000000000000        35674890.6145325     
   17.9100000000000        35684854.2763982     
   17.9200000000000        35694815.1570601     
   17.9300000000000        35704773.2588460     
   17.9400000000000        35714728.5840803     
   17.9500000000000        35724681.1350841     
   17.9600000000000        35734630.9141756     
   17.9700000000000        35744577.9236693     
   17.9800000000000        35754522.1658769     
   17.9900000000000        35764463.6431067     
   18.0000000000000        35774402.3576637     
   18.0100000000000        35784338.3118499     
   18.0200000000000        35794271.5079640     
   18.0300000000000        35804201.9483016     
   18.0400000000000        35814129.6351548     
   18.0500000000000        35824054.5708131     
   18.0600000000000        35833976.7575622     
   18.0700000000000        35843896.1976851     
   18.0800000000000        35853812.8934614     
   18.0900000000000        35863726.8471677     
   18.1000000000000        35873638.0610772     
   18.1100000000000        35883546.5374604     
   18.1200000000000        35893452.2785842     
   18.1300000000000        35903355.2867126     
   18.1400000000000        35913255.5641066     
   18.1500000000000        35923153.1130238     
   18.1600000000000        35933047.9357188     
   18.1700000000000        35942940.0344432     
   18.1800000000000        35952829.4114454     
   18.1900000000000        35962716.0689708     
   18.2000000000000        35972600.0092616     
   18.2100000000000        35982481.2345569     
   18.2200000000000        35992359.7470930     
   18.2300000000001        36002235.5491027     
   18.2400000000001        36012108.6428161     
   18.2500000000001        36021979.0304601     
   18.2600000000001        36031846.7142585     
   18.2700000000001        36041711.6964322     
   18.2800000000001        36051573.9791989     
   18.2900000000001        36061433.5647734     
   18.3000000000001        36071290.4553675     
   18.3100000000001        36081144.6531897     
   18.3200000000001        36090996.1604458     
   18.3300000000001        36100844.9793385     
   18.3400000000001        36110691.1120674     
   18.3500000000001        36120534.5608293     
   18.3600000000001        36130375.3278177     
   18.3700000000001        36140213.4152234     
   18.3800000000001        36150048.8252341     
   18.3900000000001        36159881.5600345     
   18.4000000000001        36169711.6218065     
   18.4100000000001        36179539.0127287     
   18.4200000000001        36189363.7349770     
   18.4300000000001        36199185.7907245     
   18.4400000000001        36209005.1821408     
   18.4500000000001        36218821.9113932     
   18.4600000000001        36228635.9806457     
   18.4700000000001        36238447.3920593     
   18.4800000000001        36248256.1477924     
   18.4900000000001        36258062.2500001     
   18.5000000000001        36267865.7008349     
   18.5100000000001        36277666.5024463     
   18.5200000000001        36287464.6569808     
   18.5300000000001        36297260.1665821     
   18.5400000000001        36307053.0333909     
   18.5500000000001        36316843.2595452     
   18.5600000000001        36326630.8471800     
   18.5700000000001        36336415.7984274     
   18.5800000000001        36346198.1154167     
   18.5900000000001        36355977.8002743     
   18.6000000000001        36365754.8551237     
   18.6100000000001        36375529.2820856     
   18.6200000000001        36385301.0832779     
   18.6300000000001        36395070.2608156     
   18.6400000000001        36404836.8168107     
   18.6500000000001        36414600.7533727     
   18.6600000000001        36424362.0726080     
   18.6700000000001        36434120.7766204     
   18.6800000000001        36443876.8675107     
   18.6900000000001        36453630.3473769     
   18.7000000000001        36463381.2183142     
   18.7100000000001        36473129.4824152     
   18.7200000000001        36482875.1417695     
   18.7300000000001        36492618.1984639     
   18.7400000000001        36502358.6545825     
   18.7500000000001        36512096.5122066     
   18.7600000000001        36521831.7734147     
   18.7700000000001        36531564.4402826     
   18.7800000000001        36541294.5148832     
   18.7900000000001        36551021.9992869     
   18.8000000000001        36560746.8955609     
   18.8100000000001        36570469.2057701     
   18.8200000000001        36580188.9319765     
   18.8300000000001        36589906.0762393     
   18.8400000000001        36599620.6406150     
   18.8500000000001        36609332.6271573     
   18.8600000000001        36619042.0379174     
   18.8700000000002        36628748.8749435     
   18.8800000000002        36638453.1402814     
   18.8900000000002        36648154.8359738     
   18.9000000000002        36657853.9640610     
   18.9100000000002        36667550.5265806     
   18.9200000000002        36677244.5255673     
   18.9300000000002        36686935.9630533     
   18.9400000000002        36696624.8410680     
   18.9500000000002        36706311.1616382     
   18.9600000000002        36715994.9267879     
   18.9700000000002        36725676.1385387     
   18.9800000000002        36735354.7989093     
   18.9900000000002        36745030.9099158     
   19.0000000000002        36754704.4735716     
   19.0100000000002        36764375.4918875     
   19.0200000000002        36774043.9668717     
   19.0300000000002        36783709.9005297     
   19.0400000000002        36793373.2948644     
   19.0500000000002        36803034.1518761     
   19.0600000000002        36812692.4735624     
   19.0700000000002        36822348.2619182     
   19.0800000000002        36832001.5189360     
   19.0900000000002        36841652.2466056     
   19.1000000000002        36851300.4469142     
   19.1100000000002        36860946.1218463     
   19.1200000000002        36870589.2733839     
   19.1300000000002        36880229.9035064     
   19.1400000000002        36889868.0141906     
   19.1500000000002        36899503.6074107     
   19.1600000000002        36909136.6851384     
   19.1700000000002        36918767.2493428     
   19.1800000000002        36928395.3019903     
   19.1900000000002        36938020.8450450     
   19.2000000000002        36947643.8804681     
   19.2100000000002        36957264.4102186     
   19.2200000000002        36966882.4362527     
   19.2300000000002        36976497.9605241     
   19.2400000000002        36986110.9849840     
   19.2500000000002        36995721.5115812     
   19.2600000000002        37005329.5422617     
   19.2700000000002        37014935.0789692     
   19.2800000000002        37024538.1236447     
   19.2900000000002        37034138.6782268     
   19.3000000000002        37043736.7446516     
   19.3100000000002        37053332.3248526     
   19.3200000000002        37062925.4207609     
   19.3300000000002        37072516.0343050     
   19.3400000000002        37082104.1674109     
   19.3500000000002        37091689.8220023     
   19.3600000000002        37101273.0000002     
   19.3700000000002        37110853.7033233     
   19.3800000000002        37120431.9338875     
   19.3900000000002        37130007.6936067     
   19.4000000000002        37139580.9843920     
   19.4100000000002        37149151.8081520     
   19.4200000000002        37158720.1667931     
   19.4300000000002        37168286.0622192     
   19.4400000000002        37177849.4963314     
   19.4500000000002        37187410.4710289     
   19.4600000000002        37196968.9882079     
   19.4700000000002        37206525.0497627     
   19.4800000000002        37216078.6575847     
   19.4900000000002        37225629.8135633     
   19.5000000000002        37235178.5195850     
   19.5100000000003        37244724.7775343     
   19.5200000000003        37254268.5892932     
   19.5300000000003        37263809.9567410     
   19.5400000000003        37273348.8817550     
   19.5500000000003        37282885.3662098     
   19.5600000000003        37292419.4119778     
   19.5700000000003        37301951.0209288     
   19.5800000000003        37311480.1949305     
   19.5900000000003        37321006.9358479     
   19.6000000000003        37330531.2455438     
   19.6100000000003        37340053.1258786     
   19.6200000000003        37349572.5787104     
   19.6300000000003        37359089.6058947     
   19.6400000000003        37368604.2092849     
   19.6500000000003        37378116.3907319     
   19.6600000000003        37387626.1520843     
   19.6700000000003        37397133.4951883     
   19.6800000000003        37406638.4218877     
   19.6900000000003        37416140.9340242     
   19.7000000000003        37425641.0334369     
   19.7100000000003        37435138.7219627     
   19.7200000000003        37444634.0014362     
   19.7300000000003        37454126.8736894     
   19.7400000000003        37463617.3405524     
   19.7500000000003        37473105.4038527     
   19.7600000000003        37482591.0654156     
   19.7700000000003        37492074.3270639     
   19.7800000000003        37501555.1906185     
   19.7900000000003        37511033.6578975     
   19.8000000000003        37520509.7307171     
   19.8100000000003        37529983.4108910     
   19.8200000000003        37539454.7002306     
   19.8300000000003        37548923.6005452     
   19.8400000000003        37558390.1136417     
   19.8500000000003        37567854.2413246     
   19.8600000000003        37577315.9853964     
   19.8700000000003        37586775.3476571     
   19.8800000000003        37596232.3299045     
   19.8900000000003        37605686.9339343     
   19.9000000000003        37615139.1615396     
   19.9100000000003        37624589.0145116     
   19.9200000000003        37634036.4946390     
   19.9300000000003        37643481.6037085     
   19.9400000000003        37652924.3435042     
   19.9500000000003        37662364.7158084     
   19.9600000000003        37671802.7224008     
   19.9700000000003        37681238.3650591     
   19.9800000000003        37690671.6455586     
   19.9900000000003        37700102.5656726     
   20.0000000000003        37709531.1271719     
